"","date_time","longitude","latitude","b","id"
"1",2019-01-01 22:37:56,-16.236,16.405,-1,"144129-2019"
"2",2019-01-02 05:52:11,-16.256,16.407,-1,"144129-2019"
"3",2019-01-03 07:08:22,-16.223,16.378,-1,"144129-2019"
"4",2019-01-03 08:27:56,-16.242,16.396,-1,"144129-2019"
"5",2019-01-03 09:45:15,-16.264,16.392,-1,"144129-2019"
"6",2019-01-03 10:46:14,-16.223,16.39,-1,"144129-2019"
"7",2019-01-04 16:47:15,-16.232,16.405,-1,"144129-2019"
"8",2019-01-04 19:01:52,-16.222,16.412,-1,"144129-2019"
"9",2019-01-04 19:10:12,-16.233,16.405,-1,"144129-2019"
"10",2019-01-05 20:29:13,-16.233,16.406,-1,"144129-2019"
"11",2019-01-05 21:12:16,-16.235,16.399,-1,"144129-2019"
"12",2019-01-05 22:19:49,-16.232,16.406,-1,"144129-2019"
"13",2019-01-05 22:57:06,-16.232,16.405,-1,"144129-2019"
"14",2019-01-07 04:57:35,-16.23,16.406,-1,"144129-2019"
"15",2019-01-07 06:35:53,-16.229,16.406,-1,"144129-2019"
"16",2019-01-07 06:45:36,-16.231,16.404,-1,"144129-2019"
"17",2019-01-07 08:59:34,-16.229,16.404,-1,"144129-2019"
"18",2019-01-07 10:39:25,-16.252,16.475,-1,"144129-2019"
"19",2019-01-07 11:01:46,-16.234,16.406,-1,"144129-2019"
"20",2019-01-08 10:48:02,-16.228,16.395,-1,"144129-2019"
"21",2019-01-09 19:45:35,-16.232,16.403,-1,"144129-2019"
"22",2019-01-09 21:35:27,-16.237,16.396,-1,"144129-2019"
"23",2019-01-11 05:51:55,-16.252,16.459,-1,"144129-2019"
"24",2019-01-11 06:18:01,-16.252,16.46,-1,"144129-2019"
"25",2019-01-11 08:27:52,-16.274,16.46,-1,"144129-2019"
"26",2019-01-12 11:00:06,-16.226,16.401,-1,"144129-2019"
"27",2019-01-13 21:51:21,-16.244,16.403,-1,"144129-2019"
"28",2019-01-13 22:20:52,-16.258,16.477,-1,"144129-2019"
"29",2019-01-15 06:46:36,-16.258,16.461,-1,"144129-2019"
"30",2019-01-16 06:33:39,-16.153,16.352,-1,"144129-2019"
"31",2019-01-16 07:03:54,-16.231,16.405,-1,"144129-2019"
"32",2019-01-16 08:05:52,-16.27,16.413,-1,"144129-2019"
"33",2019-01-16 10:38:43,-16.266,16.437,-1,"144129-2019"
"34",2019-01-16 11:14:18,-16.227,16.397,-1,"144129-2019"
"35",2019-01-17 20:21:30,-16.202,16.403,-1,"144129-2019"
"36",2019-01-17 20:33:22,-16.152,16.445,-1,"144129-2019"
"37",2019-01-17 21:39:40,-16.208,16.446,-1,"144129-2019"
"38",2019-01-18 21:22:34,-16.251,16.446,-1,"144129-2019"
"39",2019-01-18 21:44:55,-16.244,16.448,-1,"144129-2019"
"40",2019-01-18 23:26:13,-16.25,16.449,-1,"144129-2019"
"41",2019-01-20 05:46:15,-16.257,16.446,-1,"144129-2019"
"42",2019-01-20 06:38:33,-16.245,16.412,-1,"144129-2019"
"43",2019-01-20 09:47:24,-16.246,16.405,-1,"144129-2019"
"44",2019-01-21 16:45:14,-16.229,16.408,-1,"144129-2019"
"45",2019-01-21 18:33:45,-16.23,16.403,-1,"144129-2019"
"46",2019-01-22 19:57:41,-16.211,16.394,-1,"144129-2019"
"47",2019-01-22 22:05:32,-16.234,16.406,-1,"144129-2019"
"48",2019-01-22 22:19:06,-16.231,16.406,-1,"144129-2019"
"49",2019-01-24 05:01:08,-16.229,16.403,-1,"144129-2019"
"50",2019-01-24 07:54:02,-16.229,16.408,-1,"144129-2019"
"51",2019-01-24 10:15:26,-16.225,16.406,-1,"144129-2019"
"52",2019-01-25 09:50:06,-16.213,16.398,-1,"144129-2019"
"53",2019-01-25 10:30:25,-16.21,16.394,-1,"144129-2019"
"54",2019-01-25 10:58:37,-16.207,16.397,-1,"144129-2019"
"55",2019-01-25 16:06:30,-16.212,16.399,-1,"144129-2019"
"56",2019-01-25 17:41:14,-16.208,16.399,-1,"144129-2019"
"57",2019-01-26 17:30:53,-16.189,16.412,-1,"144129-2019"
"58",2019-01-26 19:57:12,-16.247,16.453,-1,"144129-2019"
"59",2019-01-26 21:31:26,-16.237,16.458,-1,"144129-2019"
"60",2019-01-26 21:43:16,-16.237,16.458,-1,"144129-2019"
"61",2019-01-26 22:19:09,-16.236,16.457,-1,"144129-2019"
"62",2019-01-28 05:48:07,-16.234,16.457,-1,"144129-2019"
"63",2019-01-28 05:53:18,-16.236,16.456,-1,"144129-2019"
"64",2019-01-28 07:29:49,-16.206,16.402,-1,"144129-2019"
"65",2019-01-28 08:05:10,-16.209,16.399,-1,"144129-2019"
"66",2019-01-29 09:44:07,-16.156,16.306,-1,"144129-2019"
"67",2019-01-29 10:07:30,-16.21,16.397,-1,"144129-2019"
"68",2019-01-29 10:44:43,-16.209,16.397,-1,"144129-2019"
"69",2019-01-30 16:46:51,-16.214,16.398,-1,"144129-2019"
"70",2019-01-30 18:50:37,-16.209,16.398,-1,"144129-2019"
"71",2019-01-30 19:55:37,-16.176,16.441,-1,"144129-2019"
"72",2019-01-30 20:46:17,-16.225,16.457,-1,"144129-2019"
"73",2019-01-30 21:32:33,-16.237,16.461,-1,"144129-2019"
"74",2019-01-30 22:04:28,-16.231,16.455,-1,"144129-2019"
"75",2019-01-30 22:24:31,-16.234,16.452,-1,"144129-2019"
"76",2019-01-30 22:36:45,-16.238,16.456,-1,"144129-2019"
"77",2019-01-31 22:49:46,-16.235,16.456,-1,"144129-2019"
"78",2019-02-01 05:08:57,-16.237,16.457,-1,"144129-2019"
"79",2019-02-02 06:29:23,-16.246,16.453,-1,"144129-2019"
"80",2019-02-02 06:34:18,-16.156,16.497,-1,"144129-2019"
"81",2019-02-02 07:39:02,-16.239,16.461,-1,"144129-2019"
"82",2019-02-02 08:52:08,-16.232,16.511,-1,"144129-2019"
"83",2019-02-02 10:24:58,-16.222,16.451,-1,"144129-2019"
"84",2019-02-02 10:57:19,-16.231,16.461,-1,"144129-2019"
"85",2019-02-03 17:36:02,-16.244,16.463,-1,"144129-2019"
"86",2019-02-04 21:24:13,-16.239,16.456,-1,"144129-2019"
"87",2019-02-04 21:27:17,-16.238,16.455,-1,"144129-2019"
"88",2019-02-04 21:59:41,-16.234,16.458,-1,"144129-2019"
"89",2019-02-04 22:33:50,-16.232,16.457,-1,"144129-2019"
"90",2019-02-06 05:47:54,-16.237,16.456,-1,"144129-2019"
"91",2019-02-06 06:05:27,-16.235,16.457,-1,"144129-2019"
"92",2019-02-06 07:39:39,-16.234,16.449,-1,"144129-2019"
"93",2019-02-06 09:13:03,-16.233,16.468,-1,"144129-2019"
"94",2019-02-06 09:52:44,-16.229,16.467,-1,"144129-2019"
"95",2019-02-06 10:41:37,-16.223,16.472,-1,"144129-2019"
"96",2019-02-07 16:50:46,-16.234,16.461,-1,"144129-2019"
"97",2019-02-08 21:08:18,-16.236,16.455,-1,"144129-2019"
"98",2019-02-08 21:41:13,-16.235,16.457,-1,"144129-2019"
"99",2019-02-08 23:23:47,-16.238,16.459,-1,"144129-2019"
"100",2019-02-10 05:01:27,-16.203,16.457,-1,"144129-2019"
"101",2019-02-10 05:43:25,-16.219,16.462,-1,"144129-2019"
"102",2019-02-10 07:18:09,-16.233,16.398,-1,"144129-2019"
"103",2019-02-10 07:39:42,-16.21,16.393,-1,"144129-2019"
"104",2019-02-11 10:28:25,-16.348,16.395,-1,"144129-2019"
"105",2019-02-11 10:34:54,-16.22,16.453,-1,"144129-2019"
"106",2019-02-11 11:15:54,-16.236,16.457,-1,"144129-2019"
"107",2019-02-12 17:32:08,-16.215,16.468,-1,"144129-2019"
"108",2019-02-12 19:29:10,-16.233,16.462,-1,"144129-2019"
"109",2019-02-12 20:23:06,-16.232,16.451,-1,"144129-2019"
"110",2019-02-12 21:25:45,-16.236,16.459,-1,"144129-2019"
"111",2019-02-12 21:33:15,-16.239,16.46,-1,"144129-2019"
"112",2019-02-12 23:08:10,-16.247,16.483,-1,"144129-2019"
"113",2019-02-14 05:57:02,-16.232,16.459,-1,"144129-2019"
"114",2019-02-14 06:54:48,-16.208,16.417,-1,"144129-2019"
"115",2019-02-14 07:35:23,-16.208,16.416,-1,"144129-2019"
"116",2019-02-15 10:55:09,-16.234,16.446,-1,"144129-2019"
"117",2019-02-15 11:36:33,-16.228,16.449,-1,"144129-2019"
"118",2019-02-16 16:46:04,-16.238,16.444,-1,"144129-2019"
"119",2019-02-16 18:18:45,-16.229,16.446,-1,"144129-2019"
"120",2019-02-16 20:44:04,-16.232,16.462,-1,"144129-2019"
"121",2019-02-16 21:43:41,-16.236,16.459,-1,"144129-2019"
"122",2019-02-16 22:20:10,-16.242,16.466,-1,"144129-2019"
"123",2019-02-16 22:25:39,-16.242,16.466,-1,"144129-2019"
"124",2019-02-17 22:17:58,-16.236,16.459,-1,"144129-2019"
"125",2019-02-17 22:32:54,-16.236,16.463,-1,"144129-2019"
"126",2019-02-17 23:37:00,-16.239,16.458,-1,"144129-2019"
"127",2019-02-19 06:03:00,-16.218,16.469,-1,"144129-2019"
"128",2019-02-19 06:40:19,-16.221,16.468,-1,"144129-2019"
"129",2019-02-19 07:14:16,-16.225,16.472,-1,"144129-2019"
"130",2019-02-19 09:29:21,-16.218,16.468,-1,"144129-2019"
"131",2019-02-19 10:11:55,-16.219,16.466,-1,"144129-2019"
"132",2019-02-19 10:38:13,-16.212,16.471,-1,"144129-2019"
"133",2019-02-19 11:12:59,-16.222,16.474,-1,"144129-2019"
"134",2019-02-20 13:04:56,-14.668,27.11,-1,"144129-2019"
"135",2019-02-20 16:03:57,-13.642,28.101,-1,"144129-2019"
"136",2019-02-20 17:41:22,-13.021,28.599,-1,"144129-2019"
"137",2019-02-20 17:51:31,-13.056,28.654,-1,"144129-2019"
"138",2019-02-20 17:55:34,-13.017,28.609,-1,"144129-2019"
"139",2019-02-20 19:32:11,-12.735,29.233,-1,"144129-2019"
"140",2019-02-20 19:38:02,-12.682,29.25,-1,"144129-2019"
"141",2019-02-20 19:57:40,-12.632,29.418,-1,"144129-2019"
"142",2019-02-20 20:22:16,-12.511,29.518,-1,"144129-2019"
"143",2019-02-21 19:52:50,-8.92899999999997,38.913,-1,"144129-2019"
"144",2019-02-21 20:07:10,-8.98500000000001,38.884,-1,"144129-2019"
"145",2019-02-21 20:42:23,-8.92399999999998,38.913,-1,"144129-2019"
"146",2019-02-21 21:38:00,-8.92500000000001,38.916,-1,"144129-2019"
"147",2019-02-21 21:45:01,-8.92399999999998,38.914,-1,"144129-2019"
"148",2019-02-21 22:26:19,-8.92700000000002,38.913,-1,"144129-2019"
"149",2019-02-23 04:07:39,-8.916,38.902,-1,"144129-2019"
"150",2019-02-23 07:24:14,-8.91300000000001,38.91,-1,"144129-2019"
"151",2019-02-24 10:31:13,-8.89999999999998,38.889,-1,"144129-2019"
"152",2019-02-24 11:02:53,-8.94299999999998,38.899,-1,"144129-2019"
"153",2019-02-24 15:21:03,-8.94400000000002,38.881,-1,"144129-2019"
"154",2019-02-24 17:56:44,-8.93299999999999,38.899,-1,"144129-2019"
"155",2019-02-25 18:33:43,-8.94200000000001,38.901,-1,"144129-2019"
"156",2019-02-25 18:35:15,-8.94200000000001,38.901,-1,"144129-2019"
"157",2019-02-25 20:12:00,-8.90800000000002,38.912,-1,"144129-2019"
"158",2019-02-25 20:21:23,-8.90600000000001,38.915,-1,"144129-2019"
"159",2019-02-25 20:48:38,-8.91000000000003,38.914,-1,"144129-2019"
"160",2019-02-25 20:57:58,-8.91000000000003,38.914,-1,"144129-2019"
"161",2019-02-25 21:32:22,-8.89999999999998,38.916,-1,"144129-2019"
"162",2019-02-25 22:01:04,-8.90899999999999,38.914,-1,"144129-2019"
"163",2019-02-25 22:38:12,-8.90899999999999,38.912,-1,"144129-2019"
"164",2019-02-27 05:02:57,-8.93700000000001,38.895,-1,"144129-2019"
"165",2019-02-27 05:18:04,-8.93900000000002,38.903,-1,"144129-2019"
"166",2019-02-27 06:59:49,-8.96699999999998,38.864,-1,"144129-2019"
"167",2019-02-27 07:04:27,-8.93700000000001,38.892,-1,"144129-2019"
"168",2019-02-28 08:45:42,-8.94099999999997,38.907,-1,"144129-2019"
"169",2019-02-28 09:39:14,-8.93400000000003,38.907,-1,"144129-2019"
"170",2019-02-28 10:15:46,-8.93200000000002,38.907,-1,"144129-2019"
"171",2019-02-28 10:49:19,-8.94,38.907,-1,"144129-2019"
"172",2019-02-28 11:19:55,-8.93700000000001,38.908,-1,"144129-2019"
"173",2019-02-28 11:57:21,-8.93299999999999,38.909,-1,"144129-2019"
"174",2019-03-01 16:02:22,-8.93200000000002,38.902,-1,"144129-2019"
"175",2019-03-01 18:06:17,-8.93700000000001,38.914,-1,"144129-2019"
"176",2019-03-01 19:15:54,-9.14400000000001,38.918,-1,"144129-2019"
"177",2019-03-01 19:47:01,-8.90699999999998,38.912,-1,"144129-2019"
"178",2019-03-01 19:59:45,-8.91399999999999,38.913,-1,"144129-2019"
"179",2019-03-01 20:37:09,-8.91300000000001,38.913,-1,"144129-2019"
"180",2019-03-01 21:13:51,-8.90899999999999,38.914,-1,"144129-2019"
"181",2019-03-01 21:42:15,-8.91000000000003,38.914,-1,"144129-2019"
"182",2019-03-01 21:49:56,-8.91199999999998,38.914,-1,"144129-2019"
"183",2019-03-01 22:18:54,-8.93200000000002,38.948,-1,"144129-2019"
"184",2019-03-01 22:56:25,-8.91000000000003,38.894,-1,"144129-2019"
"185",2019-03-03 05:54:41,-8.94299999999998,38.9,-1,"144129-2019"
"186",2019-03-04 08:16:35,-8.94099999999997,38.906,-1,"144129-2019"
"187",2019-03-04 09:39:06,-8.94,38.908,-1,"144129-2019"
"188",2019-03-04 10:32:22,-9.39999999999998,39.106,-1,"144129-2019"
"189",2019-03-04 11:18:46,-9,38.839,-1,"144129-2019"
"190",2019-03-04 11:36:16,-8.96199999999999,38.84,-1,"144129-2019"
"191",2019-03-04 12:10:59,-8.95999999999998,38.835,-1,"144129-2019"
"192",2019-03-05 17:00:15,-8.94200000000001,38.898,-1,"144129-2019"
"193",2019-03-05 19:12:02,-8.92500000000001,38.894,-1,"144129-2019"
"194",2019-03-05 19:24:22,-8.96800000000002,38.89,-1,"144129-2019"
"195",2019-03-05 20:57:49,-8.96499999999997,38.943,-1,"144129-2019"
"196",2019-03-05 21:32:45,-8.89100000000002,38.942,-1,"144129-2019"
"197",2019-03-06 21:13:09,-8.86000000000001,38.949,-1,"144129-2019"
"198",2019-03-06 21:48:45,-8.851,38.957,-1,"144129-2019"
"199",2019-03-06 22:52:28,-8.85500000000002,38.945,-1,"144129-2019"
"200",2019-03-08 04:55:18,-8.947,38.9,-1,"144129-2019"
"201",2019-03-08 05:36:30,-8.94299999999998,38.901,-1,"144129-2019"
"202",2019-03-08 06:36:52,-8.935,38.899,-1,"144129-2019"
"203",2019-03-08 10:39:47,-8.94299999999998,38.844,-1,"144129-2019"
"204",2019-03-08 11:21:12,-8.95600000000002,38.825,-1,"144129-2019"
"205",2019-03-09 17:53:32,-8.923,38.833,-1,"144129-2019"
"206",2019-03-09 18:58:42,-9.00299999999999,38.837,-1,"144129-2019"
"207",2019-03-09 19:11:19,-8.959,38.826,-1,"144129-2019"
"208",2019-03-10 19:48:41,-8.89300000000003,38.909,-1,"144129-2019"
"209",2019-03-10 19:54:31,-8.94200000000001,38.882,-1,"144129-2019"
"210",2019-03-10 20:04:38,-8.78100000000001,38.968,-1,"144129-2019"
"211",2019-03-10 20:50:40,-8.85300000000001,38.952,-1,"144129-2019"
"212",2019-03-10 21:27:35,-8.85399999999998,38.951,-1,"144129-2019"
"213",2019-03-10 21:39:24,-8.86099999999999,38.953,-1,"144129-2019"
"214",2019-03-10 22:04:05,-8.86000000000001,38.953,-1,"144129-2019"
"215",2019-03-10 22:32:50,-8.86399999999998,38.95,-1,"144129-2019"
"216",2019-03-12 08:20:05,-8.91300000000001,38.827,-1,"144129-2019"
"217",2019-03-13 10:46:19,-8.94400000000002,38.829,-1,"144129-2019"
"218",2019-03-14 16:53:59,-8.94499999999999,38.83,-1,"144129-2019"
"219",2019-03-14 18:49:16,-8.94900000000001,38.827,-1,"144129-2019"
"220",2019-03-14 19:27:01,-8.97800000000001,38.863,-1,"144129-2019"
"221",2019-03-14 19:41:12,-8.96300000000002,38.966,-1,"144129-2019"
"222",2019-03-14 20:50:16,-8.863,38.949,-1,"144129-2019"
"223",2019-03-14 21:06:14,-8.85899999999998,38.951,-1,"144129-2019"
"224",2019-03-14 21:46:36,-8.86399999999998,38.949,-1,"144129-2019"
"225",2019-03-14 22:50:08,-8.85899999999998,38.953,-1,"144129-2019"
"226",2019-03-16 06:27:12,-8.91300000000001,38.827,-1,"144129-2019"
"227",2019-03-16 06:47:24,-8.822,38.751,-1,"144129-2019"
"228",2019-03-17 08:48:26,-9.02800000000002,38.825,-1,"144129-2019"
"229",2019-03-17 09:55:16,-9.01100000000002,38.831,-1,"144129-2019"
"230",2019-03-17 11:03:54,-8.95800000000003,38.815,-1,"144129-2019"
"231",2019-03-18 19:43:37,-8.91199999999998,38.933,-1,"144129-2019"
"232",2019-03-18 20:02:38,-8.84300000000002,38.948,-1,"144129-2019"
"233",2019-03-18 20:22:28,-8.83800000000002,38.941,-1,"144129-2019"
"234",2019-03-18 20:57:06,-8.846,38.948,-1,"144129-2019"
"235",2019-03-18 21:25:53,-8.83999999999997,38.949,-1,"144129-2019"
"236",2019-03-18 21:44:14,-8.84300000000002,38.947,-1,"144129-2019"
"237",2019-03-18 22:03:32,-8.84699999999998,38.948,-1,"144129-2019"
"238",2019-03-19 22:18:51,-8.84500000000003,38.941,-1,"144129-2019"
"239",2019-03-19 23:24:51,-8.83999999999997,38.942,-1,"144129-2019"
"240",2019-03-20 04:20:27,-8.56400000000002,39.023,-1,"144129-2019"
"241",2019-03-21 05:32:07,-8.09800000000001,43.35,-1,"144129-2019"
"242",2019-03-21 05:47:09,-7.36099999999999,43.387,-1,"144129-2019"
"243",2019-03-21 06:13:01,-7.40699999999998,43.509,-1,"144129-2019"
"244",2019-03-21 07:15:15,-7.74200000000002,44.247,-1,"144129-2019"
"245",2019-03-21 07:23:25,-7.91300000000001,44.35,-1,"144129-2019"
"246",2019-03-21 07:48:33,-7.702,44.498,-1,"144129-2019"
"247",2019-03-21 08:00:44,-7.73099999999999,44.587,-1,"144129-2019"
"248",2019-03-21 09:26:02,-7.28300000000002,45.147,-1,"144129-2019"
"249",2019-03-21 09:37:52,-7.33199999999999,45.23,-1,"144129-2019"
"250",2019-03-21 09:41:27,-7.15699999999998,45.156,-1,"144129-2019"
"251",2019-03-21 10:17:36,-7.08699999999999,45.379,-1,"144129-2019"
"252",2019-03-21 10:44:17,-6.798,45.47,-1,"144129-2019"
"253",2019-03-21 11:16:38,-6.56,45.621,-1,"144129-2019"
"254",2019-03-21 11:18:39,-6.54700000000003,45.615,-1,"144129-2019"
"255",2019-03-21 11:49:26,-6.44,45.779,-1,"144129-2019"
"256",2019-03-21 12:23:12,-6.13400000000001,45.805,-1,"144129-2019"
"257",2019-03-22 12:38:47,-2.053,46.974,-1,"144129-2019"
"258",2019-03-22 15:22:04,-2.04199999999997,46.936,-1,"144129-2019"
"259",2019-03-22 17:02:53,-2.05000000000001,46.932,-1,"144129-2019"
"260",2019-03-22 17:06:16,-2.04599999999999,46.931,-1,"144129-2019"
"261",2019-03-22 17:10:38,-2.048,46.928,-1,"144129-2019"
"262",2019-03-22 18:50:53,-2.04399999999998,46.932,-1,"144129-2019"
"263",2019-03-22 19:17:00,-2.04899999999998,46.925,-1,"144129-2019"
"264",2019-03-22 20:06:49,-2.053,46.921,-1,"144129-2019"
"265",2019-03-23 21:25:51,-2.01400000000001,46.927,-1,"144129-2019"
"266",2019-03-23 22:02:56,-2.02499999999998,46.933,-1,"144129-2019"
"267",2019-03-25 06:39:38,-2.01600000000002,46.931,-1,"144129-2019"
"268",2019-03-25 06:47:50,-2.03100000000001,46.93,-1,"144129-2019"
"269",2019-03-25 07:48:11,-2.04300000000001,46.931,-1,"144129-2019"
"270",2019-03-25 08:55:53,-2.048,46.93,-1,"144129-2019"
"271",2019-03-25 09:19:25,-2.05200000000002,46.933,-1,"144129-2019"
"272",2019-03-25 09:25:23,-2.05099999999999,46.933,-1,"144129-2019"
"273",2019-03-25 09:53:17,-2.04899999999998,46.93,-1,"144129-2019"
"274",2019-03-25 10:27:26,-2.03300000000002,46.933,-1,"144129-2019"
"275",2019-03-25 10:34:08,-2.03100000000001,46.929,-1,"144129-2019"
"276",2019-03-26 10:11:39,-2.02100000000002,46.93,-1,"144129-2019"
"277",2019-03-26 10:23:58,-2.041,46.929,-1,"144129-2019"
"278",2019-03-26 10:38:39,-2.04700000000003,46.924,-1,"144129-2019"
"279",2019-03-26 11:13:47,-2.03399999999999,46.93,-1,"144129-2019"
"280",2019-03-26 12:17:00,-2.024,46.923,-1,"144129-2019"
"281",2019-03-26 16:14:28,-2.09100000000001,46.919,-1,"144129-2019"
"282",2019-03-26 17:59:02,-2.04399999999998,46.934,-1,"144129-2019"
"283",2019-03-27 17:47:35,-2.04199999999997,46.921,-1,"144129-2019"
"284",2019-03-27 17:56:04,-2.05099999999999,46.929,-1,"144129-2019"
"285",2019-03-27 18:20:45,-2.05599999999998,46.929,-1,"144129-2019"
"286",2019-03-27 19:34:18,-2.03500000000003,46.932,-1,"144129-2019"
"287",2019-03-27 19:57:52,-2.00999999999999,46.938,-1,"144129-2019"
"288",2019-03-27 19:59:51,-2.02600000000001,46.935,-1,"144129-2019"
"289",2019-03-27 20:39:50,-2.03100000000001,46.933,-1,"144129-2019"
"290",2019-03-27 21:13:46,-2.03399999999999,46.932,-1,"144129-2019"
"291",2019-03-27 21:41:31,-2.029,46.932,-1,"144129-2019"
"292",2019-03-29 07:47:36,-2.04199999999997,46.93,-1,"144129-2019"
"293",2019-03-29 08:35:43,-2.04399999999998,46.932,-1,"144129-2019"
"294",2019-03-30 09:01:33,-2.04300000000001,46.928,-1,"144129-2019"
"295",2019-03-30 09:14:06,-2.04300000000001,46.937,-1,"144129-2019"
"296",2019-03-30 09:34:40,-2.04300000000001,46.93,-1,"144129-2019"
"297",2019-03-30 09:51:22,-2.048,46.931,-1,"144129-2019"
"298",2019-03-30 10:56:38,-2.04000000000002,46.931,-1,"144129-2019"
"299",2019-03-30 11:13:48,-2.06900000000002,46.924,-1,"144129-2019"
"300",2019-03-30 11:31:38,-2.05099999999999,46.929,-1,"144129-2019"
"301",2019-03-30 12:06:24,-2.05000000000001,46.929,-1,"144129-2019"
"302",2019-03-30 12:32:58,-2.048,46.931,-1,"144129-2019"
"303",2019-03-30 15:29:35,-2.041,46.933,-1,"144129-2019"
"304",2019-03-31 16:59:11,-2.04899999999998,46.931,-1,"144129-2019"
"305",2019-03-31 17:30:15,-2.04399999999998,46.931,-1,"144129-2019"
"306",2019-03-31 18:22:25,-2.06900000000002,46.928,-1,"144129-2019"
"307",2019-03-31 19:10:59,-2.05099999999999,46.943,-1,"144129-2019"
"308",2019-03-31 19:12:17,-2.03899999999999,46.952,-1,"144129-2019"
"309",2019-03-31 19:18:39,-2.036,46.953,-1,"144129-2019"
"310",2019-03-31 20:56:44,-2.02600000000001,46.96,-1,"144129-2019"
"311",2019-03-31 22:40:16,-2.012,46.94,-1,"144129-2019"
"312",2019-04-02 05:59:22,-2.07900000000001,46.923,-1,"144129-2019"
"313",2019-04-03 06:36:06,-2.04700000000003,46.932,-1,"144129-2019"
"314",2019-04-03 07:20:06,-2.04199999999997,46.934,-1,"144129-2019"
"315",2019-04-03 08:46:46,-2.04599999999999,46.933,-1,"144129-2019"
"316",2019-04-03 09:00:18,-2.03800000000001,46.936,-1,"144129-2019"
"317",2019-04-03 10:08:04,-2.00700000000001,46.92,-1,"144129-2019"
"318",2019-04-03 10:29:12,-2.089,46.926,-1,"144129-2019"
"319",2019-04-03 10:41:30,-2.08199999999999,46.921,-1,"144129-2019"
"320",2019-04-04 16:10:36,-2.08300000000003,46.925,-1,"144129-2019"
"321",2019-04-04 18:19:36,-2.03100000000001,46.935,-1,"144129-2019"
"322",2019-04-04 18:44:59,-2.041,46.934,-1,"144129-2019"
"323",2019-04-05 20:17:27,-2.02800000000002,46.934,-1,"144129-2019"
"324",2019-04-05 20:54:08,-2.03100000000001,46.933,-1,"144129-2019"
"325",2019-04-05 21:28:01,-2.03100000000001,46.932,-1,"144129-2019"
"326",2019-04-05 21:59:01,-2.03300000000002,46.935,-1,"144129-2019"
"327",2019-04-07 06:43:03,-2.041,46.938,-1,"144129-2019"
"328",2019-04-07 07:22:37,-2.03199999999998,46.937,-1,"144129-2019"
"329",2019-04-07 07:28:31,-2.03899999999999,46.937,-1,"144129-2019"
"330",2019-04-07 09:00:23,-2.06400000000002,46.952,-1,"144129-2019"
"331",2019-04-07 09:41:13,-2.053,46.942,-1,"144129-2019"
"332",2019-04-07 09:49:56,-2.04399999999998,46.938,-1,"144129-2019"
"333",2019-04-07 10:26:18,-2.04899999999998,46.938,-1,"144129-2019"
"334",2019-04-07 11:03:13,-2.04700000000003,46.938,-1,"144129-2019"
"335",2019-04-07 11:21:16,-2.08999999999997,46.916,-1,"144129-2019"
"336",2019-04-08 10:39:03,-2.05200000000002,46.938,-1,"144129-2019"
"337",2019-04-08 11:10:33,-2.048,46.93,-1,"144129-2019"
"338",2019-04-08 11:12:03,-2.04899999999998,46.933,-1,"144129-2019"
"339",2019-04-08 11:45:17,-2.04700000000003,46.931,-1,"144129-2019"
"340",2019-04-08 15:25:26,-2.03199999999998,46.927,-1,"144129-2019"
"341",2019-04-08 17:06:52,-2.03300000000002,46.932,-1,"144129-2019"
"342",2019-04-08 17:37:34,-2.03500000000003,46.934,-1,"144129-2019"
"343",2019-04-08 18:19:22,-2.065,46.934,-1,"144129-2019"
"344",2019-04-08 18:20:40,-2.08199999999999,46.927,-1,"144129-2019"
"345",2019-04-11 06:18:16,-2.04000000000002,46.935,-1,"144129-2019"
"346",2019-04-11 06:42:06,-2.029,46.943,-1,"144129-2019"
"347",2019-04-11 07:19:10,-2.03500000000003,46.932,-1,"144129-2019"
"348",2019-04-11 08:52:52,-2.03100000000001,46.934,-1,"144129-2019"
"349",2019-04-11 09:00:29,-2.04599999999999,46.934,-1,"144129-2019"
"350",2019-04-11 09:05:05,-2.03300000000002,46.937,-1,"144129-2019"
"351",2019-04-12 09:44:26,-2.053,46.937,-1,"144129-2019"
"352",2019-04-12 10:24:15,-2.03500000000003,46.933,-1,"144129-2019"
"353",2019-04-12 10:26:12,-2.03500000000003,46.935,-1,"144129-2019"
"354",2019-04-12 10:59:33,-2.04300000000001,46.936,-1,"144129-2019"
"355",2019-04-12 11:27:28,-2.05000000000001,46.925,-1,"144129-2019"
"356",2019-04-12 12:02:59,-2.05000000000001,46.927,-1,"144129-2019"
"357",2019-04-12 16:17:44,-2.02999999999997,46.936,-1,"144129-2019"
"358",2019-04-13 17:26:10,-2.08600000000001,46.952,-1,"144129-2019"
"359",2019-04-13 17:48:21,-2.08499999999998,46.948,-1,"144129-2019"
"360",2019-04-13 17:57:21,-2.053,46.933,-1,"144129-2019"
"361",2019-04-13 19:04:31,-2.03500000000003,46.937,-1,"144129-2019"
"362",2019-04-13 19:34:29,-2.03500000000003,46.937,-1,"144129-2019"
"363",2019-04-13 21:27:21,-1.99000000000001,46.929,-1,"144129-2019"
"364",2019-04-15 05:53:34,-2.029,46.932,-1,"144129-2019"
"365",2019-04-15 05:54:04,-2.041,46.932,-1,"144129-2019"
"366",2019-04-15 07:21:12,-2.02600000000001,46.93,-1,"144129-2019"
"367",2019-04-16 06:56:41,-2.02499999999998,46.929,-1,"144129-2019"
"368",2019-04-16 07:01:57,-2.03500000000003,46.925,-1,"144129-2019"
"369",2019-04-16 07:25:51,-2.04500000000002,46.924,-1,"144129-2019"
"370",2019-04-16 08:24:40,-2.053,46.939,-1,"144129-2019"
"371",2019-04-16 08:38:15,-2.03500000000003,46.93,-1,"144129-2019"
"372",2019-04-16 09:03:04,-2.04899999999998,46.934,-1,"144129-2019"
"373",2019-04-16 09:36:59,-2.02699999999999,46.932,-1,"144129-2019"
"374",2019-04-16 10:01:24,-2.05099999999999,46.93,-1,"144129-2019"
"375",2019-04-16 10:41:05,-2.03699999999998,46.932,-1,"144129-2019"
"376",2019-04-16 11:17:38,-2.03199999999998,46.951,-1,"144129-2019"
"377",2019-04-16 11:44:20,-2.03199999999998,46.936,-1,"144129-2019"
"378",2019-04-16 12:17:00,-1.976,46.951,-1,"144129-2019"
"379",2019-04-17 15:21:36,3.125,51.297,-1,"144129-2019"
"380",2019-04-17 16:57:58,3.112,51.29,-1,"144129-2019"
"381",2019-04-17 17:02:10,3.108,51.298,-1,"144129-2019"
"382",2019-04-17 19:16:12,3.131,51.302,-1,"144129-2019"
"383",2019-04-17 19:27:48,3.116,51.297,-1,"144129-2019"
"384",2019-04-17 21:12:21,3.133,51.292,-1,"144129-2019"
"385",2019-04-17 21:43:38,3.128,51.292,-1,"144129-2019"
"386",2019-04-18 21:29:37,3.939,51.671,-1,"144129-2019"
"387",2019-04-18 22:29:36,3.89,51.862,-1,"144129-2019"
"388",2019-04-18 22:29:46,3.811,51.771,-1,"144129-2019"
"389",2019-04-19 03:48:47,4.434,52.106,-1,"144129-2019"
"390",2019-04-19 05:05:29,4.437,52.108,-1,"144129-2019"
"391",2019-04-20 04:55:07,5.45,52.922,-1,"144129-2019"
"392",2019-04-20 04:57:53,5.407,52.917,-1,"144129-2019"
"393",2019-04-20 06:36:25,5.425,52.886,-1,"144129-2019"
"394",2019-04-20 06:38:18,5.426,52.888,-1,"144129-2019"
"395",2019-04-20 06:54:42,5.465,52.922,-1,"144129-2019"
"396",2019-04-20 07:12:10,5.463,52.926,-1,"144129-2019"
"397",2019-04-20 08:34:45,5.445,52.92,-1,"144129-2019"
"398",2019-04-20 08:37:37,5.455,52.937,-1,"144129-2019"
"399",2019-04-20 08:48:02,5.452,52.927,-1,"144129-2019"
"400",2019-04-20 09:17:45,5.452,52.927,-1,"144129-2019"
"401",2019-04-20 09:49:41,5.436,52.927,-1,"144129-2019"
"402",2019-04-20 10:20:16,5.451,52.928,-1,"144129-2019"
"403",2019-04-20 10:32:20,5.461,52.922,-1,"144129-2019"
"404",2019-04-20 10:56:56,5.431,52.922,-1,"144129-2019"
"405",2019-04-21 12:16:38,5.494,52.944,-1,"144129-2019"
"406",2019-04-21 14:36:29,5.487,52.917,-1,"144129-2019"
"407",2019-04-21 16:16:46,5.432,52.929,-1,"144129-2019"
"408",2019-04-21 17:55:07,5.343,52.904,-1,"144129-2019"
"409",2019-04-21 17:58:54,5.365,52.905,-1,"144129-2019"
"410",2019-04-21 18:13:07,5.434,52.928,-1,"144129-2019"
"411",2019-04-21 18:27:34,5.423,52.933,-1,"144129-2019"
"412",2019-04-21 19:34:41,5.437,52.895,-1,"144129-2019"
"413",2019-04-21 19:52:49,5.414,52.934,-1,"144129-2019"
"414",2019-04-24 05:53:18,5.434,52.925,-1,"144129-2019"
"415",2019-04-24 06:12:37,5.445,52.918,-1,"144129-2019"
"416",2019-04-24 08:33:47,5.445,52.923,-1,"144129-2019"
"417",2019-04-24 09:43:53,5.444,52.923,-1,"144129-2019"
"418",2019-04-25 10:14:47,5.446,52.919,-1,"144129-2019"
"419",2019-04-25 10:54:33,5.441,52.922,-1,"144129-2019"
"420",2019-04-26 16:59:49,5.448,52.92,-1,"144129-2019"
"421",2019-04-26 18:56:46,5.444,52.922,-1,"144129-2019"
"422",2019-04-26 19:10:05,5.445,52.923,-1,"144129-2019"
"423",2019-04-26 19:14:58,5.445,52.923,-1,"144129-2019"
"424",2019-04-26 20:22:59,5.442,52.922,-1,"144129-2019"
"425",2019-04-26 21:22:17,5.439,52.924,-1,"144129-2019"
"426",2019-04-26 22:00:27,5.443,52.918,-1,"144129-2019"
